7 7
0.868815 0.903425 0.924849 0.932103 0.924849 0.903425 0.868815 
0.903425 0.939413 0.961691 0.969233 0.961691 0.939413 0.903425 
0.924849 0.961691 0.984496 0.992218 0.984496 0.961691 0.924849 
0.932103 0.969233 0.992218 1 0.992218 0.969233 0.932103 
0.924849 0.961691 0.984496 0.992218 0.984496 0.961691 0.924849 
0.903425 0.939413 0.961691 0.969233 0.961691 0.939413 0.903425 
0.868815 0.903425 0.924849 0.932103 0.924849 0.903425 0.868815 
