7 7
0.00012341 0.00150344 0.00673795 0.011109 0.00673795 0.00150344 0.00012341 
0.00150344 0.0183156 0.082085 0.135335 0.082085 0.0183156 0.00150344 
0.00673795 0.082085 0.367879 0.606531 0.367879 0.082085 0.00673795 
0.011109 0.135335 0.606531 1 0.606531 0.135335 0.011109 
0.00673795 0.082085 0.367879 0.606531 0.367879 0.082085 0.00673795 
0.00150344 0.0183156 0.082085 0.135335 0.082085 0.0183156 0.00150344 
0.00012341 0.00150344 0.00673795 0.011109 0.00673795 0.00150344 0.00012341 
