7 7
0.105399 0.196912 0.286505 0.324652 0.286505 0.196912 0.105399 
0.196912 0.367879 0.535261 0.606531 0.535261 0.367879 0.196912 
0.286505 0.535261 0.778801 0.882497 0.778801 0.535261 0.286505 
0.324652 0.606531 0.882497 1 0.882497 0.606531 0.324652 
0.286505 0.535261 0.778801 0.882497 0.778801 0.535261 0.286505 
0.196912 0.367879 0.535261 0.606531 0.535261 0.367879 0.196912 
0.105399 0.196912 0.286505 0.324652 0.286505 0.196912 0.105399 
